Computational times of the three spliting techniques when system size (n) >1024.
For n<= 1024, only PCR-Penta is used without any spliting.
m -> batch size
Splitting 1 -> shared_cached_shared_tiles
Splitting 2 -> global_cached_shared_tiles
Splitting 3 -> global_cached_global_tiles

m     n    Splitting 1  Splitting 2  Splitting 3
26 	 256 	 0.057453 	 0.058058 	 0.057184
26 	 512 	 0.077750 	 0.076621 	 0.077517
26 	 1024 	 0.134054 	 0.135562 	 0.134480
26 	 2048 	 0.358509 	 0.381491 	 0.391782
26 	 4096 	 0.911981 	 0.962650 	 1.022131
26 	 8192 	 2.106675 	 2.309792 	 2.465165
26 	 16384 	 5.145302 	 5.810976 	 6.097991
26 	 32768 	 11.051078 	 12.845240 	 13.776529
26 	 65536 	 23.821030 	 27.753378 	 30.810551
26 	 131072 	 50.471954 	 59.116718 	 68.485733
52 	 256 	 0.074086 	 0.074176 	 0.073738
52 	 512 	 0.123814 	 0.125309 	 0.123098
52 	 1024 	 0.257600 	 0.257338 	 0.257818
52 	 2048 	 0.647565 	 0.664854 	 0.723696
52 	 4096 	 1.561626 	 1.620304 	 1.855894
52 	 8192 	 3.575923 	 3.812723 	 4.451770
52 	 16384 	 8.608922 	 9.351252 	 10.934806
52 	 32768 	 18.402020 	 20.404041 	 24.423248
52 	 65536 	 39.542637 	 43.950829 	 54.170891
52 	 131072 	 81.384575 	 72.724236 	 85.572006
104 	 256 	 0.093690 	 0.097395 	 0.097709
104 	 512 	 0.253520 	 0.251027 	 0.252358
104 	 1024 	 0.506176 	 0.507674 	 0.504678
104 	 2048 	 1.296074 	 1.304634 	 1.419939
104 	 4096 	 3.077923 	 3.201427 	 3.672688
104 	 8192 	 7.074384 	 7.562284 	 8.832829
104 	 16384 	 17.189468 	 18.688219 	 21.771666
104 	 32768 	 36.873756 	 40.860001 	 48.916405
104 	 65536 	 62.010235 	 67.903915 	 80.649529
104 	 131072 	 130.662109 	 138.193268 	 163.504181
156 	 256 	 0.132413 	 0.137293 	 0.137517
156 	 512 	 0.347645 	 0.345994 	 0.347331
156 	 1024 	 0.741178 	 0.741264 	 0.745917
156 	 2048 	 1.892400 	 1.983850 	 2.133770
156 	 4096 	 4.586711 	 4.782787 	 5.489494
156 	 8192 	 10.595232 	 11.306077 	 13.226538
156 	 16384 	 25.782232 	 27.978363 	 32.627518
156 	 32768 	 49.730885 	 55.195740 	 65.419746
156 	 65536 	 86.600655 	 94.830009 	 111.707237
156 	 131072 	 188.437271 	 203.801010 	 247.467499
208 	 256 	 0.169350 	 0.175651 	 0.174630
208 	 512 	 0.438160 	 0.437360 	 0.437926
208 	 1024 	 0.979290 	 0.979379 	 0.980822
208 	 2048 	 2.530499 	 2.569616 	 2.806457
208 	 4096 	 6.093955 	 6.356765 	 7.288589
208 	 8192 	 14.093570 	 15.056459 	 17.590313
208 	 16384 	 34.410088 	 37.412472 	 43.554607
208 	 32768 	 56.626778 	 62.288372 	 71.579178
208 	 65536 	 112.908279 	 126.828468 	 147.428665
208 	 131072 	 262.479828 	 274.887512 	 327.214783
260 	 256 	 0.213805 	 0.214144 	 0.213818
260 	 512 	 0.552173 	 0.555526 	 0.552298
260 	 1024 	 1.230022 	 1.228147 	 1.229267
260 	 2048 	 3.160681 	 3.261344 	 3.552144
260 	 4096 	 7.683414 	 7.943521 	 9.089102
260 	 8192 	 17.595097 	 18.803726 	 21.930458
260 	 16384 	 42.957104 	 46.692749 	 54.291260
260 	 32768 	 68.345093 	 74.323952 	 84.543999
260 	 65536 	 141.283112 	 157.660736 	 184.354889
260 	 131072 	 318.900238 	 342.954376 	 408.590607
312 	 256 	 0.241475 	 0.249821 	 0.250128
312 	 512 	 0.639507 	 0.641763 	 0.640806
312 	 1024 	 1.464013 	 1.461293 	 1.462499
312 	 2048 	 3.776371 	 3.837222 	 4.202573
312 	 4096 	 9.292729 	 9.517664 	 10.905781
312 	 8192 	 21.089176 	 22.549229 	 26.333960
312 	 16384 	 48.739441 	 52.874195 	 61.505890
312 	 32768 	 80.991516 	 87.446739 	 100.468521
312 	 65536 	 169.620300 	 187.647049 	 223.683640
312 	 131072 	 377.072357 	 411.491272 	 492.228760
364 	 256 	 0.259821 	 0.259421 	 0.259408
364 	 512 	 0.726416 	 0.742102 	 0.737014
364 	 1024 	 1.701958 	 1.701958 	 1.703117
364 	 2048 	 4.381245 	 4.503981 	 4.892285
364 	 4096 	 10.830118 	 11.098722 	 12.743910
364 	 8192 	 24.628201 	 26.302322 	 30.726788
364 	 16384 	 52.961205 	 57.382954 	 65.798935
364 	 32768 	 93.039230 	 102.022537 	 115.814560
364 	 65536 	 198.083328 	 221.186493 	 258.272247
364 	 131072 	 451.165680 	 481.332855 	 574.082336
416 	 256 	 0.319850 	 0.320323 	 0.319382
416 	 512 	 0.843786 	 0.838982 	 0.839808
416 	 1024 	 1.951805 	 1.950950 	 1.951990
416 	 2048 	 4.998755 	 5.103271 	 5.613561
416 	 4096 	 12.355749 	 12.673657 	 14.520441
416 	 8192 	 28.156225 	 30.093990 	 35.063026
416 	 16384 	 54.821125 	 59.473572 	 67.782242
416 	 32768 	 105.057396 	 115.878990 	 132.340363
416 	 65536 	 226.423294 	 252.377930 	 295.766418
416 	 131072 	 509.208344 	 547.189819 	 656.362122
624 	 256 	 0.445123 	 0.463242 	 0.463994
624 	 512 	 1.249440 	 1.247683 	 1.248547
624 	 1024 	 2.913334 	 2.915168 	 2.912694
624 	 2048 	 7.462416 	 7.636836 	 8.403479
624 	 4096 	 18.528093 	 18.966307 	 21.746754
624 	 8192 	 42.177773 	 45.134895 	 52.562439
624 	 16384 	 75.546204 	 80.362953 	 89.953308
624 	 32768 	 156.733093 	 171.741257 	 199.679138
624 	 65536 	 339.829895 	 375.954254 	 444.582184
624 	 131072 	 756.618958 	 811.979248 	 981.200867
832 	 256 	 0.521613 	 0.522592 	 0.521907
832 	 512 	 1.613648 	 1.653040 	 1.654480
832 	 1024 	 3.870678 	 3.871609 	 3.869785
832 	 2048 	 9.918831 	 10.162538 	 11.120410
832 	 4096 	 24.721012 	 25.296381 	 28.966557
832 	 8192 	 48.008232 	 51.252441 	 58.791077
832 	 16384 	 97.542839 	 104.893738 	 117.473343
832 	 32768 	 208.860153 	 230.371490 	 264.984802
832 	 65536 	 454.531189 	 501.669739 	 593.155457
832 	 131072 	 1015.310669 	 1088.029541 	 1314.173340
1040 	 256 	 0.719917 	 0.750838 	 0.749616
1040 	 512 	 2.042621 	 2.043792 	 2.039520
1040 	 1024 	 4.825491 	 4.825398 	 4.823296
1040 	 2048 	 12.373322 	 12.664474 	 13.869257
1040 	 4096 	 30.851627 	 31.549637 	 36.196671
1040 	 8192 	 54.521282 	 56.910290 	 65.400291
1040 	 16384 	 120.120621 	 129.977493 	 146.893600
1040 	 32768 	 261.230774 	 287.316528 	 331.780579
1040 	 65536 	 567.196594 	 624.937378 	 740.402710
1040 	 131072 	 1261.053101 	 1350.369751 	 1649.375977
1248 	 256 	 0.783536 	 0.783139 	 0.783814
1248 	 512 	 2.394797 	 2.441159 	 2.441114
1248 	 1024 	 5.786196 	 5.784832 	 5.787184
1248 	 2048 	 14.837558 	 15.204882 	 16.654547
1248 	 4096 	 36.950462 	 37.867344 	 43.451862
1248 	 8192 	 62.280506 	 64.969101 	 72.895874
1248 	 16384 	 143.956848 	 154.964081 	 177.101105
1248 	 32768 	 313.766632 	 343.861847 	 398.548157
1248 	 65536 	 681.294312 	 744.077515 	 888.371277
1248 	 131072 	 1517.513184 	 1605.627197 	 1973.147461
1456 	 256 	 1.036662 	 1.037241 	 1.036848
1456 	 512 	 2.840019 	 2.839622 	 2.838934
1456 	 1024 	 6.750016 	 6.752765 	 6.754387
1456 	 2048 	 17.294041 	 17.723284 	 19.400984
1456 	 4096 	 43.131477 	 44.222309 	 50.659134
1456 	 8192 	 71.930145 	 74.688820 	 84.075974
1456 	 16384 	 167.983551 	 181.776764 	 205.323639
1456 	 32768 	 366.836029 	 401.809418 	 464.629883
1456 	 65536 	 795.129761 	 872.034546 	 1037.404175
1456 	 131072 	 0.000000 	 0.000000 	 0.000000
1664 	 256 	 1.177325 	 1.177696 	 1.176890
1664 	 512 	 3.241683 	 3.244992 	 3.243245
1664 	 1024 	 7.712880 	 7.708189 	 7.707437
1664 	 2048 	 19.763462 	 20.218395 	 22.153036
1664 	 4096 	 45.523716 	 46.716866 	 53.269482
1664 	 8192 	 81.079094 	 85.176834 	 95.865936
1664 	 16384 	 192.021729 	 207.616058 	 234.806076
1664 	 32768 	 419.334625 	 458.083679 	 532.028748
1664 	 65536 	 910.219238 	 993.120605 	 1186.946411
1664 	 131072 	 0.000000 	 0.000000 	 0.000000
1872 	 256 	 1.319526 	 1.319414 	 1.320653
1872 	 512 	 3.633897 	 3.634221 	 3.635795
1872 	 1024 	 8.665609 	 8.660717 	 8.657869
1872 	 2048 	 22.207636 	 22.744738 	 24.895887
1872 	 4096 	 47.236393 	 48.435154 	 54.937153
1872 	 8192 	 89.346581 	 93.265526 	 105.533485
1872 	 16384 	 216.401566 	 232.907990 	 264.261871
1872 	 32768 	 471.795166 	 513.556702 	 597.522095
1872 	 65536 	 1022.925964 	 1107.033813 	 1333.196899
1872 	 131072 	 0.000000 	 0.000000 	 0.000000
2080 	 256 	 1.402826 	 1.462909 	 1.463363
2080 	 512 	 4.038330 	 4.041059 	 4.033520
2080 	 1024 	 9.630166 	 9.626637 	 9.625787
2080 	 2048 	 24.658714 	 25.244659 	 27.652058
2080 	 4096 	 49.713158 	 50.051701 	 56.973858
2080 	 8192 	 98.667702 	 103.285812 	 117.182388
2080 	 16384 	 240.183228 	 259.509827 	 293.688416
2080 	 32768 	 523.151794 	 570.966003 	 662.331177
2080 	 65536 	 1136.375732 	 1236.387451 	 1490.399292
2080 	 131072 	 0.000000 	 0.000000 	 0.000000
